Trading Code,Date,Sponsor/Director,Govt,Institute,Foreign,Public
AAMRANET,"Jun 30, 2022",33.04,0.0,28.73,0.0,38.23
AAMRANET,"Apr 30, 2023",33.04,0.0,20.15,0.0,46.81
AAMRANET,"May 31, 2023",33.04,0.0,21.69,0.0,45.27
AAMRATECH,"Jun 30, 2022",30.01,0.0,27.96,0.0,42.03
AAMRATECH,"Apr 30, 2023",30.01,0.0,35.34,0.0,34.65
AAMRATECH,"May 31, 2023",30.01,0.0,33.25,0.0,36.74
ABB1STMF,"Jun 30, 2022",15.51,0.0,21.56,0.0,62.93
ABB1STMF,"Apr 30, 2023",15.51,0.0,14.4,0.0,70.09
ABB1STMF,"May 31, 2023",15.51,0.0,14.52,0.0,69.97
ABBANK,"Dec 31, 2021",31.67,0.57,23.49,0.88,43.39
ABBANK,"Apr 30, 2023",31.67,0.57,22.83,0.79,44.14
ABBANK,"May 31, 2023",31.67,0.57,22.82,0.79,44.15
ABBLPBOND,"Dec 31, 2022",0.0,0.0,0.0,0.0,0.0
ACFL,"Jun 30, 2022",65.06,0.0,10.66,0.11,24.17
ACFL,"Apr 30, 2023",49.58,0.0,14.25,0.1,36.07
ACFL,"May 31, 2023",49.58,0.0,14.25,0.1,36.07
ACI,"Jun 30, 2022",35.28,0.0,40.75,0.0,23.97
ACI,"Apr 30, 2023",36.07,0.0,41.07,0.0,22.86
ACI,"May 31, 2023",36.07,0.0,41.07,0.0,22.86
ACIFORMULA,"Jun 30, 2022",66.02,0.0,17.96,0.0,16.02
ACIFORMULA,"Apr 30, 2023",66.02,0.0,20.61,0.0,13.37
ACIFORMULA,"May 31, 2023",66.02,0.0,19.94,0.0,14.04
ACMELAB,"Jun 30, 2022",39.83,0.0,31.05,0.13,28.99
ACMELAB,"Apr 30, 2023",39.88,0.0,30.32,0.14,29.66
ACMELAB,"May 31, 2023",39.88,0.0,30.04,0.14,29.94
ACMEPL,"Jun 30, 2022",31.8,0.0,27.23,0.01,40.96
ACMEPL,"Apr 30, 2023",31.8,0.0,25.25,0.0,42.95
ACMEPL,"May 31, 2023",31.8,0.0,25.25,0.0,42.95
ACTIVEFINE,"Jun 30, 2022",12.04,0.0,25.13,3.11,59.72
ACTIVEFINE,"Apr 30, 2023",12.04,0.0,21.84,0.27,65.85
ACTIVEFINE,"May 31, 2023",12.04,0.0,21.84,0.27,65.85
ADNTEL,"Jun 30, 2022",51.56,0.0,16.57,1.99,29.88
ADNTEL,"Apr 30, 2023",44.91,0.0,16.71,1.99,36.39
ADNTEL,"May 31, 2023",44.91,0.0,18.74,1.99,34.36
ADVENT,"Jun 30, 2022",30.02,0.0,23.55,0.0,46.43
ADVENT,"Apr 30, 2023",30.02,0.0,18.71,0.0,51.27
ADVENT,"May 31, 2023",30.02,0.0,25.6,0.0,44.38
AFCAGRO,"Jun 30, 2022",30.29,0.0,36.51,0.0,33.2
AFCAGRO,"Apr 30, 2023",27.84,0.0,35.96,0.0,36.2
AFCAGRO,"May 31, 2023",27.84,0.0,35.96,0.0,36.2
AFTABAUTO,"Jun 30, 2022",30.0,0.0,36.73,0.0,33.27
AFTABAUTO,"Apr 30, 2023",29.32,0.0,36.58,0.0,34.1
AFTABAUTO,"May 31, 2023",29.32,0.0,37.26,0.0,33.42
AGNISYSL,"Jun 30, 2022",32.76,0.0,10.91,0.0,56.33
AGNISYSL,"Apr 30, 2023",32.76,0.0,10.06,0.0,57.18
AGNISYSL,"May 31, 2023",32.76,0.0,7.73,0.0,59.51
AGRANINS,"Dec 31, 2021",30.15,0.0,14.12,0.0,55.73
AGRANINS,"Apr 30, 2023",30.15,0.0,16.02,0.0,53.83
AGRANINS,"May 31, 2023",30.15,0.0,17.47,0.0,52.38
AIBL1STIMF,"Mar 31, 2022",10.0,0.0,52.6,0.0,37.4
AIBL1STIMF,"Apr 30, 2023",10.0,0.0,53.25,0.0,36.75
AIBL1STIMF,"May 31, 2023",10.0,0.0,53.32,0.0,36.68
AIBLPBOND,"Dec 31, 2020",0.0,0.0,0.0,0.0,0.0
AIL,"Jun 30, 2022",33.35,0.0,11.22,0.0,55.43
AIL,"Apr 30, 2023",33.35,0.0,14.61,0.0,52.04
AIL,"May 31, 2023",33.35,0.0,25.09,0.0,41.56
AL-HAJTEX,"Jun 30, 2022",25.63,0.01,19.96,0.0,54.4
AL-HAJTEX,"Apr 30, 2023",25.63,0.01,16.46,0.0,57.9
AL-HAJTEX,"May 31, 2023",25.63,0.01,16.67,0.0,57.69
ALARABANK,"Dec 31, 2021",41.87,0.0,29.35,0.52,28.26
ALARABANK,"Apr 30, 2023",42.37,0.0,30.38,0.45,26.8
ALARABANK,"May 31, 2023",45.46,0.0,27.42,0.45,26.67
ALIF,"Jun 30, 2022",30.46,0.0,7.8,0.0,61.74
ALIF,"Apr 30, 2023",30.46,0.0,4.14,0.0,65.4
ALIF,"May 31, 2023",30.46,0.0,4.47,0.0,65.07
ALLTEX,"Jun 30, 2022",40.74,0.0,11.64,0.0,47.62
ALLTEX,"Apr 30, 2023",40.74,0.0,6.43,0.0,52.83
ALLTEX,"May 31, 2023",40.74,0.0,6.44,0.0,52.82
AMANFEED,"Jun 30, 2022",63.26,0.0,10.33,0.05,26.36
AMANFEED,"Apr 30, 2023",63.26,0.0,7.87,0.05,28.82
AMANFEED,"May 31, 2023",63.26,0.0,10.26,0.05,26.43
AMBEEPHA,"Jun 30, 2022",75.25,0.0,9.63,0.0,13.12
AMBEEPHA,"Mar 31, 2023",77.25,0.0,5.7,0.0,17.05
AMBEEPHA,"Apr 30, 2023",77.25,0.0,6.7,0.0,16.05
AMCL(PRAN),"Jun 30, 2022",40.15,0.0,16.24,0.0,43.61
AMCL(PRAN),"Apr 30, 2023",40.15,0.0,16.23,0.0,43.62
AMCL(PRAN),"May 31, 2023",40.15,0.0,16.26,0.0,43.59
ANLIMAYARN,"Jun 30, 2022",44.43,0.0,5.02,0.0,50.55
ANLIMAYARN,"Apr 30, 2023",44.43,0.0,5.5,0.0,50.07
ANLIMAYARN,"May 31, 2023",44.43,0.0,4.74,0.0,50.83
ANWARGALV,"Jun 30, 2022",35.32,0.0,22.55,0.0,42.13
ANWARGALV,"Apr 30, 2023",35.32,0.0,27.72,0.0,36.96
ANWARGALV,"May 31, 2023",35.32,0.0,21.16,0.0,43.52
AOL,"Jun 30, 2022",30.65,0.0,23.96,0.13,45.26
AOL,"Apr 30, 2023",30.65,0.0,24.08,0.43,44.84
AOL,"May 31, 2023",30.65,0.0,23.0,0.43,45.92
APEXFOODS,"Jun 30, 2022",36.06,0.0,4.26,0.0,59.68
APEXFOODS,"Apr 30, 2023",53.39,0.0,15.72,0.0,30.89
APEXFOODS,"May 31, 2023",53.39,0.0,8.97,0.0,37.64
APEXFOOT,"Jun 30, 2022",31.75,0.0,24.26,0.0,43.99
APEXFOOT,"Apr 30, 2023",30.86,0.0,15.44,0.0,53.7
APEXFOOT,"May 31, 2023",30.86,0.0,16.34,0.0,52.8
APEXSPINN,"Jun 30, 2022",52.98,0.0,13.14,0.25,33.63
APEXSPINN,"Apr 30, 2023",52.98,0.0,14.88,0.25,31.89
APEXSPINN,"May 31, 2023",52.98,0.0,13.41,0.25,33.36
APEXTANRY,"Jun 30, 2022",30.4,0.0,30.0,0.0,39.6
APEXTANRY,"Apr 30, 2023",30.4,0.0,34.52,0.0,35.08
APEXTANRY,"May 31, 2023",30.4,0.0,37.72,0.0,31.88
APOLOISPAT,"Jun 30, 2018",21.19,0.0,23.6,0.69,54.52
APOLOISPAT,"Jul 31, 2021",20.24,0.0,21.93,0.5,57.33
APOLOISPAT,"Sep 30, 2021",20.24,0.0,20.53,0.42,58.81
APSCLBOND,"Jun 30, 2019",0.0,0.0,0.0,0.0,0.0
ARAMIT,"Jun 30, 2022",45.92,0.0,10.45,0.0,43.63
ARAMIT,"Apr 30, 2023",63.58,0.0,11.9,0.0,24.52
ARAMIT,"May 31, 2023",63.58,0.0,11.74,0.0,24.68
ARAMITCEM,"Jun 30, 2022",45.92,0.0,10.45,0.0,43.63
ARAMITCEM,"Apr 30, 2023",45.92,0.0,11.45,0.0,42.63
ARAMITCEM,"May 31, 2023",45.92,0.0,11.7,0.0,42.38
ARGONDENIM,"Jun 30, 2022",36.08,0.0,33.71,0.0,30.21
ARGONDENIM,"Apr 30, 2023",35.79,0.0,33.46,0.0,30.75
ARGONDENIM,"May 31, 2023",35.79,0.0,35.61,0.0,28.6
ASIAINS,"Dec 31, 2021",47.63,0.0,26.67,0.0,25.7
ASIAINS,"Apr 30, 2023",42.67,0.0,4.85,0.0,52.48
ASIAINS,"May 31, 2023",42.67,0.0,6.85,0.0,50.48
ASIAPACINS,"Dec 31, 2021",37.66,0.0,25.38,0.0,36.96
ASIAPACINS,"Apr 30, 2023",39.66,0.0,30.57,0.0,29.77
ASIAPACINS,"May 31, 2023",39.66,0.0,30.27,0.0,30.07
ATCSLGF,"Jun 30, 2022",3.24,0.0,32.55,0.17,64.04
ATCSLGF,"Apr 30, 2023",3.24,0.0,32.55,0.17,64.04
ATCSLGF,"May 31, 2023",3.24,0.0,32.55,0.17,64.04
ATLASBANG,"Jun 30, 2022",0.0,51.0,16.6,0.0,32.4
ATLASBANG,"Apr 30, 2023",0.0,51.0,16.72,0.0,32.28
ATLASBANG,"May 31, 2023",0.0,51.0,16.76,0.0,32.24
AZIZPIPES,"Jun 30, 2022",23.93,0.0,10.49,0.0,65.58
AZIZPIPES,"Apr 30, 2023",22.81,0.0,9.14,0.0,68.05
AZIZPIPES,"May 31, 2023",20.07,0.0,9.62,0.0,70.31
BANGAS,"Jun 30, 2022",31.0,0.0,5.88,0.0,63.13
BANGAS,"Apr 30, 2023",30.99,0.0,5.69,0.0,63.32
BANGAS,"May 31, 2023",30.99,0.0,5.95,0.0,63.06
BANKASIA,"Dec 31, 2022",53.36,0.0,35.72,0.21,10.71
BANKASIA,"Apr 30, 2023",49.28,0.0,39.77,0.21,10.74
BANKASIA,"May 31, 2023",49.27,0.0,39.84,0.21,10.68
BARKAPOWER,"Jun 30, 2022",31.87,0.0,27.51,0.0,40.62
BARKAPOWER,"Apr 30, 2023",31.43,0.0,26.7,0.0,41.87
BARKAPOWER,"May 31, 2023",31.43,0.0,24.73,0.0,43.84
BATASHOE,"Dec 31, 2021",70.0,0.0,20.52,1.58,7.9
BATASHOE,"Apr 30, 2023",70.0,0.0,19.96,1.35,8.69
BATASHOE,"May 31, 2023",70.0,0.0,19.85,1.35,8.8
BATBC,"Dec 31, 2022",72.91,0.64,12.76,6.39,7.3
BATBC,"Apr 30, 2023",72.91,0.64,12.86,6.25,7.34
BATBC,"May 31, 2023",72.91,0.64,12.87,6.23,7.35
BAYLEASING,"Dec 31, 2021",30.07,0.0,21.71,0.15,48.07
BAYLEASING,"Apr 30, 2023",30.07,0.0,23.19,0.0,46.74
BAYLEASING,"May 31, 2023",30.07,0.0,23.19,0.0,46.74
BBS,"Jun 30, 2022",30.01,0.0,33.22,0.3,36.47
BBS,"Apr 30, 2023",30.01,0.0,21.2,0.14,48.65
BBS,"May 31, 2023",30.01,0.0,21.23,0.14,48.62
BBSCABLES,"Jun 30, 2022",30.98,0.0,21.92,0.52,46.58
BBSCABLES,"Apr 30, 2023",30.98,0.0,20.56,0.47,47.99
BBSCABLES,"May 31, 2023",30.98,0.0,20.86,0.46,47.7
BDAUTOCA,"Jun 30, 2022",30.06,0.0,11.68,0.0,58.26
BDAUTOCA,"Apr 30, 2023",30.06,0.0,16.77,0.0,53.17
BDAUTOCA,"May 31, 2023",30.06,0.0,10.71,0.0,59.23
BDCOM,"Jun 30, 2022",30.0,0.0,4.96,0.0,65.04
BDCOM,"Apr 30, 2023",30.0,0.0,4.64,0.0,65.36
BDCOM,"May 31, 2023",30.0,0.0,4.12,0.0,65.88
BDFINANCE,"Dec 31, 2022",31.2,0.0,12.28,0.0,56.52
BDFINANCE,"Apr 30, 2023",31.2,0.0,14.73,0.0,54.07
BDFINANCE,"May 31, 2023",31.2,0.0,15.09,0.0,53.71
BDLAMPS,"Jun 30, 2022",61.88,0.0,8.96,0.03,29.14
BDLAMPS,"Apr 30, 2023",61.88,0.0,6.6,0.03,31.49
BDLAMPS,"May 31, 2023",61.88,0.0,6.45,0.03,31.64
BDSERVICE,"Jun 30, 2022",0.0,99.68,0.0,0.19,0.13
BDSERVICE,"Apr 30, 2023",0.0,99.68,0.0,0.19,0.13
BDSERVICE,"May 31, 2023",0.0,99.68,0.0,0.19,0.13
BDTHAI,"Jun 30, 2022",30.32,0.0,10.27,0.79,58.62
BDTHAI,"Apr 30, 2023",30.32,0.0,8.85,0.81,60.02
BDTHAI,"May 31, 2023",30.32,0.0,9.02,0.81,59.85
BDTHAIFOOD,"Jun 30, 2022",49.19,0.0,22.82,0.0,27.99
BDTHAIFOOD,"Apr 30, 2023",49.19,0.0,23.83,0.0,26.98
BDTHAIFOOD,"May 31, 2023",49.19,0.0,22.65,0.0,28.16
BDWELDING,"Jun 30, 2019",31.01,0.0,2.88,0.72,65.39
BDWELDING,"Apr 30, 2023",31.01,0.0,2.88,0.72,65.39
BDWELDING,"May 31, 2023",31.01,0.0,2.88,0.72,65.39
BEACHHATCH,"Jun 30, 2022",34.97,0.0,15.23,0.0,49.8
BEACHHATCH,"Apr 30, 2023",34.97,0.0,13.11,0.0,51.92
BEACHHATCH,"May 31, 2023",34.97,0.0,14.62,0.0,50.41
BEACONPHAR,"Jun 30, 2022",30.0,0.0,34.05,0.0,35.95
BEACONPHAR,"Apr 30, 2023",30.0,0.0,36.14,0.0,33.86
BEACONPHAR,"May 31, 2023",30.0,0.0,36.16,0.0,33.84
BENGALWTL,"Jun 30, 2021",53.23,0.0,29.84,0.05,16.88
BENGALWTL,"Apr 30, 2023",53.23,0.0,29.09,0.0,17.68
BENGALWTL,"May 31, 2023",53.23,0.0,27.97,0.0,18.8
BERGERPBL,"Mar 31, 2022",95.0,0.0,3.73,0.13,1.14
BERGERPBL,"Apr 30, 2023",95.0,0.0,3.68,0.2,1.12
BERGERPBL,"May 31, 2023",95.0,0.0,3.67,0.2,1.13
BEXGSUKUK,"Dec 31, 2020",0.0,0.0,0.0,0.0,0.0
BEXGSUKUK,"Mar 31, 2023",0.0,0.0,95.69,0.0,4.31
BEXGSUKUK,"Apr 30, 2023",0.0,0.0,95.67,0.0,4.33
BEXIMCO,"Jun 30, 2022",33.94,0.0,28.8,0.76,36.5
BEXIMCO,"Apr 30, 2023",33.19,0.0,31.37,0.89,34.55
BEXIMCO,"May 31, 2023",33.19,0.0,31.97,0.89,33.95
BGIC,"Dec 31, 2021",38.27,0.0,26.33,0.0,35.4
BGIC,"Apr 30, 2023",37.87,0.0,41.59,0.0,20.54
BGIC,"May 31, 2023",37.87,0.0,41.62,0.0,20.51
BIFC,"Dec 31, 2020",34.73,0.0,47.73,0.0,17.54
BIFC,"Apr 30, 2023",40.55,0.0,41.0,0.0,18.45
BIFC,"May 31, 2023",40.55,0.0,41.02,0.0,18.43
BNICL,"Dec 31, 2021",60.13,0.0,17.5,0.09,22.28
BNICL,"Apr 30, 2023",60.13,0.0,5.23,0.0,34.64
BNICL,"May 31, 2023",60.13,0.0,5.51,0.0,34.36
BPML,"Jun 30, 2022",70.86,0.0,6.42,0.0,22.72
BPML,"Apr 30, 2023",70.86,0.0,8.6,0.0,20.54
BPML,"May 31, 2023",70.86,0.0,10.07,0.0,19.07
BPPL,"Jun 30, 2022",38.15,0.0,7.17,0.0,54.68
BPPL,"Apr 30, 2023",38.15,0.0,6.99,0.0,54.86
BPPL,"May 30, 2023",38.15,0.0,7.01,0.0,54.84
BRACBANK,"Dec 31, 2022",46.24,0.0,13.14,33.64,6.98
BRACBANK,"Apr 30, 2023",46.24,0.0,13.27,33.4,7.09
BRACBANK,"May 31, 2023",46.24,0.0,13.32,33.33,7.11
BSC,"Jun 30, 2022",0.0,52.1,24.3,0.0,23.6
BSC,"Apr 30, 2023",0.0,52.1,23.9,0.0,24.0
BSC,"May 31, 2023",0.0,52.1,23.9,0.0,24.0
BSCCL,"Jun 30, 2022",0.01,73.84,16.59,2.72,6.85
BSCCL,"Apr 30, 2023",0.0,73.84,15.47,2.8,7.89
BSCCL,"May 31, 2023",0.0,73.84,15.73,2.75,7.68
BSRMLTD,"Jun 30, 2022",47.12,0.0,14.47,17.49,20.92
BSRMLTD,"Apr 30, 2023",47.12,0.0,14.77,17.29,20.82
BSRMLTD,"May 31, 2023",47.12,0.0,14.77,17.29,20.82
BSRMSTEEL,"Jun 30, 2022",72.09,0.0,17.27,0.39,10.25
BSRMSTEEL,"Apr 30, 2023",72.09,0.0,17.48,0.31,10.12
BSRMSTEEL,"May 31, 2023",72.09,0.0,17.53,0.31,10.07
BXPHARMA,"Jun 30, 2022",30.14,0.0,21.82,28.61,19.43
BXPHARMA,"Apr 30, 2023",30.14,0.0,23.64,28.95,17.27
BXPHARMA,"May 31, 2023",30.14,0.0,23.76,28.9,17.2
BXSYNTH,"Jun 30, 2021",35.67,0.0,24.09,0.02,40.22
BXSYNTH,"May 31, 2022",35.67,0.0,24.64,0.02,39.67
BXSYNTH,"Jun 30, 2022",35.67,0.0,24.64,0.02,39.67
CAPMBDBLMF,"Jun 30, 2022",19.95,0.0,25.13,0.0,54.92
CAPMBDBLMF,"Apr 30, 2023",19.95,0.0,27.35,0.0,52.7
CAPMBDBLMF,"May 31, 2023",19.95,0.0,23.96,0.0,56.09
CAPMIBBLMF,"Jun 30, 2022",66.56,0.0,1.55,0.0,31.89
CAPMIBBLMF,"Apr 30, 2023",66.56,0.0,1.87,0.0,31.57
CAPMIBBLMF,"May 31, 2023",66.56,0.0,1.24,0.0,32.2
CBLPBOND,"Dec 31, 2021",0.0,0.0,0.0,0.0,0.0
CBLPBOND,"Apr 30, 2023",0.0,0.0,65.0,0.0,35.0
CBLPBOND,"May 31, 2023",0.0,0.0,65.0,0.0,35.0
CENTRALINS,"Dec 31, 2022",33.98,1.32,15.46,0.0,49.24
CENTRALINS,"Apr 30, 2023",33.98,1.32,14.54,0.0,50.16
CENTRALINS,"May 31, 2023",38.66,1.32,14.54,0.0,45.48
CENTRALPHL,"Jun 30, 2022",25.89,0.0,11.01,0.0,63.1
CENTRALPHL,"Apr 30, 2023",25.89,0.0,10.35,0.0,63.76
CENTRALPHL,"May 31, 2023",25.89,0.0,10.73,0.0,63.38
CITYBANK,"Dec 31, 2021",32.7,0.0,22.73,3.57,41.0
CITYBANK,"Apr 30, 2023",30.42,0.0,26.03,5.1,38.45
CITYBANK,"May 31, 2023",30.42,0.0,27.0,5.01,37.57
CITYGENINS,"Dec 31, 2022",36.06,0.0,11.75,0.12,52.07
CITYGENINS,"Apr 30, 2023",36.06,0.0,18.35,0.12,45.47
CITYGENINS,"May 31, 2023",36.06,0.0,28.18,0.11,35.65
CLICL,"Dec 31, 2021",60.0,0.0,8.5,0.0,31.5
CLICL,"Apr 30, 2023",60.0,0.0,7.44,0.0,32.56
CLICL,"May 31, 2023",60.0,0.0,11.55,0.0,28.45
CNATEX,"Jun 30, 2016",30.29,0.0,15.04,0.0,54.67
CNATEX,"Jun 30, 2017",21.14,0.0,14.49,0.0,64.37
CNATEX,"Jul 31, 2017",22.14,0.0,15.67,0.0,62.19
CONFIDCEM,"Jun 30, 2022",30.03,0.0,35.59,0.0,34.38
CONFIDCEM,"Apr 30, 2023",30.34,0.0,35.54,0.0,34.12
CONFIDCEM,"May 31, 2023",30.34,0.0,35.29,0.0,34.37
CONTININS,"Dec 31, 2021",32.25,0.0,7.61,0.0,60.14
CONTININS,"Apr 30, 2023",32.25,0.0,9.85,0.0,57.9
CONTININS,"May 31, 2023",32.25,0.0,12.02,0.0,55.73
COPPERTECH,"Jun 30, 2022",30.07,0.0,20.87,0.0,49.06
COPPERTECH,"Apr 30, 2023",30.07,0.0,11.06,0.0,58.87
COPPERTECH,"May 31, 2023",30.07,0.0,11.04,0.0,58.89
CROWNCEMNT,"Jun 30, 2022",67.08,0.0,17.66,0.1,15.16
CROWNCEMNT,"Apr 30, 2023",67.08,0.0,17.68,0.06,15.18
CROWNCEMNT,"May 31, 2023",67.08,0.0,17.76,0.06,15.1
CRYSTALINS,"Dec 31, 2021",60.0,0.0,5.13,0.02,34.85
CRYSTALINS,"Apr 30, 2023",60.0,0.0,7.92,0.03,32.05
CRYSTALINS,"May 31, 2023",55.64,0.0,13.26,0.03,31.07
CVOPRL,"Jun 30, 2022",45.31,0.0,16.03,0.25,38.41
CVOPRL,"Apr 30, 2023",45.31,0.0,15.39,0.61,38.69
CVOPRL,"May 31, 2023",45.31,0.0,20.55,0.38,33.76
DACCADYE,"Jun 30, 2022",30.1,0.0,17.41,0.48,52.01
DACCADYE,"Mar 31, 2023",30.1,0.0,19.49,0.43,49.98
DACCADYE,"Apr 30, 2023",30.1,0.0,19.48,0.43,49.99
DAFODILCOM,"Jun 30, 2022",41.39,0.0,25.47,0.17,32.97
DAFODILCOM,"Apr 30, 2023",41.4,0.0,29.35,0.16,29.09
DAFODILCOM,"May 31, 2023",41.4,0.0,29.4,0.16,29.04
DBH,"Dec 31, 2022",51.32,0.0,18.82,18.23,11.63
DBH,"Apr 30, 2023",51.32,0.0,18.84,18.19,11.65
DBH,"May 31, 2023",51.32,0.0,18.88,18.18,11.62
DBH1STMF,"Jun 30, 2022",16.67,0.0,32.92,5.48,44.93
DBH1STMF,"Apr 30, 2023",16.67,0.0,33.01,5.44,44.88
DBH1STMF,"May 31, 2023",16.67,0.0,33.14,5.44,44.75
DBLPBOND,"Dec 31, 2022",0.0,0.0,0.0,0.0,0.0
DEBARACEM,"Jun 30, 2001",0.0,0.0,0.0,0.0,0.0
DEBBDLUGG,"Jun 30, 2001",0.0,0.0,0.0,0.0,0.0
DEBBDWELD,"Jun 30, 2001",0.0,0.0,0.0,0.0,0.0
DEBBDZIPP,"Jun 30, 2001",0.0,0.0,0.0,0.0,0.0
DEBBXDENIM,"Jun 30, 2001",0.0,0.0,0.0,0.0,0.0
DEBBXFISH,"Jun 30, 2001",0.0,0.0,0.0,0.0,0.0
DEBBXKNI,"Jun 30, 2001",0.0,0.0,0.0,0.0,0.0
DEBBXTEX,"Jun 30, 2001",0.0,0.0,0.0,0.0,0.0
DELTALIFE,"Dec 31, 2018",42.05,0.0,22.56,0.0,35.39
DELTALIFE,"Apr 30, 2023",33.29,0.0,24.69,0.0,42.02
DELTALIFE,"May 31, 2023",33.29,0.0,26.12,0.0,40.59
DELTASPINN,"Jun 30, 2017",19.0,0.0,14.0,0.0,67.0
DELTASPINN,"Mar 31, 2023",20.57,0.0,4.64,0.0,74.79
DELTASPINN,"Apr 30, 2023",20.57,0.0,4.64,0.0,74.79
DESCO,"Jun 30, 2022",0.0,67.66,23.52,0.06,8.76
DESCO,"Apr 30, 2023",0.0,67.66,23.83,0.05,8.46
DESCO,"May 31, 2023",0.0,67.66,23.83,0.04,8.47
DESHBANDHU,"Jun 30, 2022",33.54,0.0,6.47,0.0,59.99
DESHBANDHU,"Apr 30, 2023",33.54,0.0,11.09,0.0,55.37
DESHBANDHU,"May 31, 2023",33.54,0.0,15.93,0.0,50.53
DGIC,"Dec 31, 2021",60.0,0.0,5.01,0.0,34.99
DGIC,"Apr 30, 2023",60.0,0.0,4.19,0.0,35.81
DGIC,"May 31, 2023",60.0,0.0,10.64,0.0,29.36
DHAKABANK,"Dec 31, 2021",41.12,0.0,13.87,0.0,45.01
DHAKABANK,"Apr 30, 2023",42.65,0.0,16.66,0.0,40.69
DHAKABANK,"May 31, 2023",42.65,0.0,16.58,0.0,40.77
DHAKAINS,"Dec 31, 2021",61.35,0.0,4.85,0.13,33.67
DHAKAINS,"Apr 30, 2023",61.35,0.0,9.56,0.1,28.99
DHAKAINS,"May 31, 2023",61.35,0.0,10.5,0.1,28.05
DOMINAGE,"Jun 30, 2022",30.2,0.0,19.47,0.0,50.33
DOMINAGE,"Apr 30, 2023",30.2,0.0,8.17,0.0,61.63
DOMINAGE,"May 31, 2023",30.2,0.0,8.25,0.0,61.55
DOREENPWR,"Jun 30, 2022",66.61,0.0,20.45,0.0,12.94
DOREENPWR,"Apr 30, 2023",66.61,0.0,18.78,0.0,14.61
DOREENPWR,"May 31, 2023",66.61,0.0,18.78,0.0,14.61
DSHGARME,"Jun 30, 2022",54.99,0.0,4.68,0.0,40.33
DSHGARME,"Apr 30, 2023",54.99,0.0,3.45,0.0,41.56
DSHGARME,"May 31, 2023",54.99,0.0,5.31,0.0,39.7
DSSL,"Jun 30, 2022",32.17,0.0,14.86,0.0,52.97
DSSL,"Apr 30, 2023",32.17,0.0,13.26,0.0,54.57
DSSL,"May 31, 2023",32.17,0.0,13.62,0.0,54.21
DULAMIACOT,"Jun 30, 2022",33.01,0.0,4.2,0.0,62.79
DULAMIACOT,"Apr 30, 2023",33.01,0.0,6.06,0.0,60.93
DULAMIACOT,"May 31, 2023",33.01,0.0,6.38,0.0,60.61
DUTCHBANGL,"Dec 31, 2021",84.99,0.0,4.98,0.01,10.02
DUTCHBANGL,"Apr 30, 2023",86.99,0.0,4.25,0.01,8.75
DUTCHBANGL,"May 31, 2023",86.99,0.0,5.78,0.02,7.21
EASTERNINS,"Dec 31, 2021",47.61,0.0,19.15,0.0,33.24
EASTERNINS,"Apr 30, 2023",47.61,0.0,14.31,0.0,38.08
EASTERNINS,"May 31, 2023",47.61,0.0,14.71,0.0,37.68
EASTLAND,"Dec 31, 2021",41.11,0.0,19.68,0.0,39.21
EASTLAND,"Apr 30, 2023",41.11,0.0,22.26,0.0,36.63
EASTLAND,"May 31, 2023",41.11,0.0,23.32,0.0,35.57
EASTRNLUB,"Jun 30, 2022",15.04,51.0,6.85,0.0,27.11
EASTRNLUB,"Apr 30, 2023",15.04,51.0,5.99,0.0,27.97
EASTRNLUB,"May 31, 2023",15.04,51.0,6.09,0.0,27.87
EBL,"Dec 31, 2022",30.67,0.0,47.97,0.54,20.82
EBL,"Apr 30, 2023",30.67,0.0,48.41,0.2,20.72
EBL,"May 31, 2023",30.67,0.0,48.32,0.2,20.81
EBL1STMF,"Jun 30, 2022",1.38,0.0,63.65,0.0,34.97
EBL1STMF,"Apr 30, 2023",1.38,0.0,63.79,0.0,34.83
EBL1STMF,"May 31, 2023",1.38,0.0,63.8,0.0,34.82
EBLNRBMF,"Jun 30, 2022",8.89,0.0,40.49,0.0,50.62
EBLNRBMF,"Apr 30, 2023",8.89,0.0,40.18,0.0,50.93
EBLNRBMF,"May 31, 2023",8.89,0.0,40.19,0.0,50.92
ECABLES,"Jun 30, 2022",14.12,51.0,18.32,0.0,16.56
ECABLES,"Apr 30, 2023",11.03,51.0,7.09,0.0,30.88
ECABLES,"May 31, 2023",11.03,51.0,7.42,0.0,30.55
EGEN,"Jun 30, 2022",37.77,0.0,30.37,0.45,31.41
EGEN,"Apr 30, 2023",37.77,0.0,32.36,0.53,29.34
EGEN,"May 31, 2023",37.77,0.0,31.62,0.53,30.08
EHL,"Jun 30, 2022",50.36,0.0,26.92,1.82,20.9
EHL,"Apr 30, 2023",50.36,0.0,21.52,0.01,28.11
EHL,"May 31, 2023",50.36,0.0,17.65,0.01,31.98
EIL,"Dec 31, 2021",60.0,0.0,4.02,0.0,35.98
EIL,"Apr 30, 2023",60.0,0.0,5.09,0.0,34.91
EIL,"May 31, 2023",60.0,0.0,7.32,0.0,32.68
EMERALDOIL,"Jun 30, 2016",30.45,0.0,7.94,0.0,61.61
EMERALDOIL,"Apr 30, 2023",38.26,0.0,17.66,0.0,44.08
EMERALDOIL,"May 31, 2023",38.26,0.0,11.16,0.0,50.58
ENVOYTEX,"Jun 30, 2021",45.58,0.0,44.58,0.06,9.78
ENVOYTEX,"Apr 30, 2023",57.93,0.0,34.81,0.07,7.19
ENVOYTEX,"May 31, 2023",57.93,0.0,34.81,0.07,7.19
EPGL,"Jun 30, 2022",54.13,0.0,16.46,0.0,29.41
EPGL,"Apr 30, 2023",54.13,0.0,17.51,0.0,28.36
EPGL,"May 31, 2023",54.13,0.0,18.56,0.0,27.31
ESQUIRENIT,"Jun 30, 2022",46.95,0.0,39.16,0.0,13.89
ESQUIRENIT,"Apr 30, 2023",46.95,0.0,39.98,0.0,13.07
ESQUIRENIT,"May 31, 2023",46.95,0.0,39.98,0.0,13.07
ETL,"Jun 30, 2022",36.67,0.0,20.67,0.0,42.66
ETL,"Apr 30, 2023",36.67,0.0,21.36,0.0,41.97
ETL,"May 31, 2023",36.67,0.0,21.56,0.0,41.77
EXIM1STMF,"Jun 30, 2022",21.97,0.0,27.12,0.0,50.91
EXIM1STMF,"Apr 30, 2023",21.97,0.0,26.21,0.0,51.82
EXIM1STMF,"May 31, 2023",21.97,0.0,26.22,0.0,51.81
EXIMBANK,"Dec 31, 2021",37.69,0.0,27.64,1.29,33.38
EXIMBANK,"Apr 30, 2023",32.61,0.0,29.0,0.89,37.5
EXIMBANK,"May 31, 2023",32.61,0.0,28.92,0.89,37.58
FAMILYTEX,"Jun 30, 2020",4.02,0.0,18.41,0.0,77.57
FAMILYTEX,"May 31, 2022",4.02,0.0,18.41,0.0,77.57
FAMILYTEX,"Jun 30, 2022",4.02,0.0,18.41,0.0,77.57
FARCHEM,"Jun 30, 2022",30.24,0.0,13.82,0.0,55.94
FARCHEM,"Apr 30, 2023",30.24,0.0,13.92,0.0,55.84
FARCHEM,"May 31, 2023",30.24,0.0,13.38,0.0,56.38
FAREASTFIN,"Dec 31, 2020",41.88,0.0,11.94,0.08,46.1
FAREASTFIN,"Apr 30, 2023",39.74,0.0,16.14,0.0,44.12
FAREASTFIN,"May 31, 2023",39.74,0.0,16.18,0.0,44.08
FAREASTLIF,"Dec 31, 2020",30.55,0.0,41.19,0.81,27.45
FAREASTLIF,"Apr 30, 2023",34.17,0.0,20.84,0.37,44.62
FAREASTLIF,"May 31, 2023",34.17,0.0,21.85,0.36,43.62
FASFIN,"Dec 31, 2021",13.2,0.0,9.7,0.0,77.1
FASFIN,"Apr 30, 2023",13.2,0.0,8.91,0.0,77.89
FASFIN,"May 31, 2023",13.2,0.0,10.76,0.0,76.04
FBFIF,"Jun 30, 2022",53.97,0.0,20.54,0.0,25.49
FBFIF,"Apr 30, 2023",53.97,0.0,28.99,0.0,17.04
FBFIF,"May 31, 2023",53.97,0.0,29.13,0.0,16.9
FEDERALINS,"Dec 31, 2021",38.26,0.0,1.42,0.0,60.32
FEDERALINS,"Apr 30, 2023",38.26,0.0,1.4,0.0,60.34
FEDERALINS,"May 31, 2023",38.26,0.0,1.04,0.0,60.7
FEKDIL,"Jun 30, 2022",67.2,0.0,8.74,0.0,24.06
FEKDIL,"Apr 30, 2023",67.2,0.0,4.98,0.0,27.82
FEKDIL,"May 31, 2023",67.2,0.0,7.39,0.0,25.41
FINEFOODS,"Jun 30, 2022",9.08,0.0,6.41,0.0,84.51
FINEFOODS,"Apr 30, 2023",9.08,0.0,9.82,0.0,81.1
FINEFOODS,"May 31, 2023",9.08,0.0,10.77,0.0,80.15
FIRSTFIN,"Dec 31, 2021",41.31,0.0,19.42,0.0,39.27
FIRSTFIN,"Apr 30, 2023",41.31,0.0,19.24,0.0,39.45
FIRSTFIN,"May 31, 2023",41.31,0.0,21.27,0.0,37.42
FIRSTSBANK,"Dec 31, 2021",33.34,0.0,18.34,1.87,46.45
FIRSTSBANK,"Apr 30, 2023",33.02,0.0,19.37,1.25,46.36
FIRSTSBANK,"May 31, 2023",33.09,0.0,19.34,1.24,46.33
FORTUNE,"Jun 30, 2022",30.93,0.0,25.54,0.0,43.53
FORTUNE,"Apr 30, 2023",30.93,0.0,20.36,0.0,48.71
FORTUNE,"May 31, 2023",30.93,0.0,20.34,0.0,48.73
FUWANGCER,"Jun 30, 2022",27.83,0.0,7.25,0.4,64.52
FUWANGCER,"Apr 30, 2023",30.0,0.0,6.28,0.4,63.32
FUWANGCER,"May 31, 2023",30.0,0.0,6.28,0.4,63.32
FUWANGFOOD,"Jun 30, 2022",7.85,0.0,6.04,0.38,85.73
FUWANGFOOD,"Apr 30, 2023",7.85,0.0,10.25,1.08,80.82
FUWANGFOOD,"May 31, 2023",7.85,0.0,10.85,1.08,80.22
GBBPOWER,"Jun 30, 2022",32.01,0.0,19.71,0.0,48.28
GBBPOWER,"Apr 30, 2023",32.01,0.0,15.1,0.0,52.89
GBBPOWER,"May 31, 2023",32.01,0.0,15.93,0.0,52.06
GEMINISEA,"Jun 30, 2022",33.65,0.0,9.42,0.34,56.59
GEMINISEA,"Apr 30, 2023",30.01,0.0,14.68,0.36,54.95
GEMINISEA,"May 31, 2023",30.01,0.0,13.42,0.39,56.18
GENEXIL,"Jun 30, 2022",31.68,0.0,24.08,0.06,44.18
GENEXIL,"Apr 30, 2023",30.38,0.0,26.07,0.0,43.55
GENEXIL,"May 31, 2023",30.38,0.0,25.12,0.0,44.5
GENNEXT,"Jun 30, 2022",13.82,0.0,23.55,0.0,62.63
GENNEXT,"Apr 30, 2023",16.17,0.0,22.89,0.0,60.94
GENNEXT,"May 31, 2023",16.26,0.0,22.91,0.0,60.83
GHAIL,"Jun 30, 2022",32.89,0.0,37.43,0.09,29.59
GHAIL,"Apr 30, 2023",30.42,0.0,37.07,0.44,32.07
GHAIL,"May 31, 2023",30.42,0.0,37.21,0.41,31.96
GHCL,"Jun 30, 2022",68.6,0.0,18.9,0.0,12.5
GHCL,"Apr 30, 2023",68.6,0.0,18.7,0.0,12.7
GHCL,"May 31, 2023",68.6,0.0,18.7,0.0,12.7
GIB,"Dec 31, 2021",45.5,0.0,31.8,0.0,22.7
GIB,"Apr 30, 2023",45.49,0.0,29.83,0.0,24.68
GIB,"May 31, 2023",45.49,0.0,28.35,0.0,26.16
GLDNJMF,"Dec 31, 2022",70.0,0.0,28.43,0.0,1.57
GLDNJMF,"Apr 30, 2023",70.0,0.0,26.91,0.0,3.09
GLDNJMF,"May 31, 2023",70.0,0.0,27.13,0.0,2.87
GLOBALINS,"Dec 31, 2021",35.67,0.0,9.25,0.0,55.08
GLOBALINS,"Apr 30, 2023",35.67,0.0,6.48,0.0,57.85
GLOBALINS,"May 31, 2023",35.67,0.0,10.79,0.0,53.54
GOLDENSON,"Jun 30, 2021",38.98,0.0,16.53,0.0,44.49
GOLDENSON,"Apr 30, 2023",30.29,0.0,25.69,0.0,44.02
GOLDENSON,"May 31, 2023",30.29,0.0,25.76,0.0,43.95
GP,"Dec 31, 2022",90.0,0.0,5.54,2.13,2.33
GP,"Apr 30, 2023",90.0,0.0,5.59,1.99,2.42
GP,"May 31, 2023",90.0,0.0,5.65,1.92,2.43
GPHISPAT,"Jun 30, 2022",49.61,0.0,18.4,0.0,31.99
GPHISPAT,"Apr 30, 2023",49.61,0.0,17.93,0.0,32.46
GPHISPAT,"May 31, 2023",49.61,0.0,17.93,0.0,32.46
GQBALLPEN,"Jun 30, 2022",41.88,0.0,1.47,0.05,56.6
GQBALLPEN,"Apr 30, 2023",41.88,0.0,1.47,0.05,56.6
GQBALLPEN,"May 31, 2023",41.88,0.0,1.47,0.05,56.6
GRAMEENS2,"Jun 30, 2022",20.52,0.0,51.21,0.0,28.27
GRAMEENS2,"Apr 30, 2023",20.52,0.0,53.82,0.0,25.66
GRAMEENS2,"May 31, 2023",20.52,0.0,54.07,0.0,25.41
GREENDELMF,"Jun 30, 2022",8.33,0.0,44.92,3.52,43.23
GREENDELMF,"Apr 30, 2023",8.33,0.0,44.62,3.51,43.54
GREENDELMF,"May 31, 2023",8.33,0.0,44.62,3.51,43.54
GREENDELT,"Dec 31, 2022",30.51,0.0,21.77,4.6,43.12
GREENDELT,"Apr 30, 2023",30.51,0.0,21.88,4.6,43.01
GREENDELT,"May 31, 2023",30.51,0.0,22.87,4.6,42.02
GSPFINANCE,"Dec 31, 2021",35.5,0.0,11.12,0.0,53.38
GSPFINANCE,"Apr 30, 2023",35.51,0.0,17.32,0.0,47.17
GSPFINANCE,"May 31, 2023",35.51,0.0,17.35,0.0,47.14
HAKKANIPUL,"Jun 30, 2022",46.26,0.0,4.53,0.0,49.21
HAKKANIPUL,"Apr 30, 2023",44.42,0.0,5.56,0.0,50.02
HAKKANIPUL,"May 31, 2023",44.42,0.0,5.08,0.0,50.5
HEIDELBCEM,"Dec 31, 2021",60.67,0.0,28.44,0.59,10.3
HEIDELBCEM,"Apr 30, 2023",60.67,0.0,26.98,0.27,12.08
HEIDELBCEM,"May 31, 2023",60.67,0.0,25.54,0.27,13.52
HFL,"Jun 30, 2022",51.38,0.0,25.16,0.0,23.46
HFL,"Apr 30, 2023",51.38,0.0,18.91,0.0,29.71
HFL,"May 31, 2023",51.38,0.0,20.01,0.0,28.61
HRTEX,"Jun 30, 2022",50.63,0.0,6.06,0.0,43.31
HRTEX,"Apr 30, 2023",48.23,0.0,11.2,0.0,40.57
HRTEX,"May 31, 2023",48.23,0.0,9.83,0.0,41.94
HWAWELLTEX,"Jun 30, 2022",50.83,0.0,10.58,0.06,38.53
HWAWELLTEX,"Apr 30, 2023",50.83,0.0,8.55,0.08,40.54
HWAWELLTEX,"May 31, 2023",50.83,0.0,8.09,0.06,41.02
IBBL2PBOND,"Dec 31, 2020",0.0,0.0,0.0,0.0,0.0
IBBLPBOND,"Dec 31, 2019",6.71,0.0,78.61,0.49,14.2
IBBLPBOND,"Jan 31, 2023",6.71,0.0,80.29,0.46,12.54
IBBLPBOND,"Feb 28, 2023",0.0,0.0,87.01,0.46,12.53
IBNSINA,"Jun 30, 2022",44.67,0.0,24.07,0.0,31.26
IBNSINA,"Apr 30, 2023",44.67,0.0,24.4,0.0,30.93
IBNSINA,"May 31, 2023",44.67,0.0,24.45,0.0,30.88
IBP,"Jun 30, 2022",41.12,0.0,10.32,0.01,48.55
IBP,"Apr 30, 2023",40.64,0.0,7.25,0.0,52.11
IBP,"May 31, 2023",40.64,0.0,7.48,0.0,51.88
ICB,"Jun 30, 2022",69.5,27.0,1.9,0.0,1.6
ICB,"Oct 31, 2022",69.49,27.0,1.92,0.0,1.59
ICB,"Nov 30, 2022",69.49,27.0,1.92,0.0,1.59
ICB3RDNRB,"Jun 30, 2022",10.03,0.0,49.62,6.78,33.57
ICB3RDNRB,"Apr 30, 2023",10.03,0.0,50.25,6.82,32.9
ICB3RDNRB,"May 31, 2023",10.03,0.0,50.3,6.82,32.85
ICBAGRANI1,"Jun 30, 2022",50.94,0.0,40.22,0.0,8.84
ICBAGRANI1,"Apr 30, 2023",50.94,0.0,38.49,0.0,10.57
ICBAGRANI1,"May 31, 2023",50.94,0.0,38.48,0.0,10.58
ICBAMCL2ND,"Jun 30, 2022",0.0,0.0,56.16,0.0,43.84
ICBAMCL2ND,"Apr 30, 2023",0.0,0.0,57.47,0.0,42.53
ICBAMCL2ND,"May 31, 2023",0.0,0.0,57.5,0.0,42.5
ICBEPMF1S1,"Jun 30, 2022",10.0,0.0,40.32,0.0,49.68
ICBEPMF1S1,"Apr 30, 2023",10.0,0.0,40.78,0.0,49.22
ICBEPMF1S1,"May 31, 2023",10.0,0.0,40.8,0.0,49.2
ICBIBANK,"Dec 31, 2021",52.76,0.17,22.34,0.0,24.73
ICBIBANK,"Apr 30, 2023",52.76,0.17,21.61,0.0,25.46
ICBIBANK,"May 31, 2023",52.76,0.17,21.61,0.0,25.46
ICBSONALI1,"Jun 30, 2022",25.0,0.0,64.63,0.0,10.37
ICBSONALI1,"Apr 30, 2023",25.0,0.0,65.07,0.0,9.93
ICBSONALI1,"May 31, 2023",25.0,0.0,65.08,0.0,9.92
ICICL,"Dec 31, 2021",41.98,0.0,8.5,0.0,49.52
ICICL,"Apr 30, 2023",60.0,0.0,6.41,0.0,33.59
ICICL,"May 31, 2023",60.0,0.0,9.08,0.0,30.92
IDLC,"Dec 31, 2022",56.66,0.0,27.82,1.16,14.36
IDLC,"Apr 30, 2023",56.66,0.0,27.9,1.16,14.28
IDLC,"May 31, 2023",56.66,0.0,27.88,1.16,14.3
IFADAUTOS,"Jun 30, 2022",54.87,0.0,27.88,0.08,17.17
IFADAUTOS,"Apr 30, 2023",54.87,0.0,28.24,0.08,16.81
IFADAUTOS,"May 31, 2023",54.87,0.0,28.32,0.08,16.73
IFIC,"Dec 31, 2021",6.14,32.75,20.05,1.07,39.99
IFIC,"Apr 30, 2023",6.14,32.75,20.91,1.11,39.09
IFIC,"May 31, 2023",6.14,32.75,20.89,1.11,39.11
IFIC1STMF,"Jun 30, 2022",20.83,0.0,18.44,0.0,60.73
IFIC1STMF,"Apr 30, 2023",20.83,0.0,12.49,0.0,66.68
IFIC1STMF,"May 31, 2023",20.83,0.0,12.55,0.0,66.62
IFILISLMF1,"Jun 30, 2022",1.0,0.0,63.25,7.63,28.12
IFILISLMF1,"Apr 30, 2023",1.0,0.0,63.12,7.63,28.25
IFILISLMF1,"May 31, 2023",1.0,0.0,63.12,7.63,28.25
ILFSL,"Dec 31, 2020",41.54,0.0,28.92,0.07,29.47
ILFSL,"Apr 30, 2023",41.54,0.0,23.31,0.01,35.14
ILFSL,"May 31, 2023",41.54,0.0,24.34,0.01,34.11
IMAMBUTTON,"Jun 30, 2018",31.53,0.0,9.01,0.0,59.46
IMAMBUTTON,"Jan 31, 2023",30.08,0.0,9.01,0.0,60.91
IMAMBUTTON,"May 31, 2023",34.12,0.0,9.01,0.0,56.87
INDEXAGRO,"Jun 30, 2022",57.77,0.0,22.55,0.0,19.68
INDEXAGRO,"Apr 30, 2023",57.77,0.0,20.07,0.0,22.16
INDEXAGRO,"May 31, 2023",57.77,0.0,20.1,0.0,22.13
INTECH,"Jun 30, 2020",3.97,0.0,9.48,0.0,86.55
INTECH,"Apr 30, 2023",29.99,0.0,8.13,0.09,61.79
INTECH,"May 31, 2023",29.99,0.0,7.22,0.07,62.72
INTRACO,"Jun 30, 2022",30.66,0.0,9.55,0.0,59.79
INTRACO,"Apr 30, 2023",30.06,0.0,21.82,0.0,48.12
INTRACO,"May 31, 2023",30.06,0.0,27.92,0.02,42.0
IPDC,"Dec 31, 2022",48.03,21.88,11.42,0.07,18.6
IPDC,"Apr 30, 2023",48.04,21.88,13.16,0.06,16.86
IPDC,"May 31, 2023",48.04,21.88,13.16,0.06,16.86
ISLAMIBANK,"Dec 31, 2021",51.32,0.0,15.42,20.19,13.07
ISLAMIBANK,"Nov 30, 2022",55.06,0.0,14.47,20.59,9.88
ISLAMIBANK,"Dec 31, 2022",55.06,0.0,14.59,20.24,10.11
ISLAMICFIN,"Dec 31, 2021",31.18,0.0,17.8,0.0,51.02
ISLAMICFIN,"Apr 30, 2023",28.79,0.0,23.88,0.0,47.33
ISLAMICFIN,"May 31, 2023",28.79,0.0,23.89,0.0,47.32
ISLAMIINS,"Dec 31, 2021",39.49,0.0,8.52,0.0,51.99
ISLAMIINS,"Mar 31, 2023",29.16,0.0,8.76,0.0,62.08
ISLAMIINS,"Apr 30, 2023",29.16,0.0,9.14,0.0,61.7
ISNLTD,"Jun 30, 2022",21.62,0.0,19.41,0.0,58.97
ISNLTD,"Apr 30, 2023",21.62,0.0,11.84,0.0,66.54
ISNLTD,"May 31, 2023",21.62,0.0,17.94,0.0,60.44
ITC,"Jun 30, 2022",51.09,0.0,20.95,0.01,27.95
ITC,"Apr 30, 2023",51.09,0.0,15.24,0.0,33.67
ITC,"May 31, 2023",51.09,0.0,14.46,0.0,34.45
JAMUNABANK,"Dec 31, 2021",48.55,0.0,7.86,0.57,43.02
JAMUNABANK,"Apr 30, 2023",46.29,0.0,6.41,0.45,46.85
JAMUNABANK,"May 31, 2023",46.29,0.0,6.3,0.45,46.96
JAMUNAOIL,"Jun 30, 2022",2.9,60.08,28.37,0.28,8.37
JAMUNAOIL,"Apr 30, 2023",2.9,60.08,28.65,0.27,8.1
JAMUNAOIL,"May 31, 2023",2.9,60.08,28.4,0.25,8.37
JANATAINS,"Dec 31, 2021",39.05,0.0,5.36,0.0,55.59
JANATAINS,"Apr 30, 2023",37.05,0.0,10.22,0.0,52.73
JANATAINS,"May 31, 2023",37.05,0.0,11.02,0.0,51.93
JHRML,"Jun 30, 2022",32.32,0.0,37.42,0.0,30.26
JHRML,"Apr 30, 2023",32.32,0.0,40.37,0.0,27.31
JHRML,"May 31, 2023",32.32,0.0,41.41,0.0,26.27
JMISMDL,"Jun 30, 2022",79.65,0.0,5.6,0.0,14.75
JMISMDL,"Apr 30, 2023",79.65,0.0,3.13,0.0,17.22
JMISMDL,"May 31, 2023",79.65,0.0,3.11,0.0,17.24
JUTESPINN,"Jun 30, 2016",39.82,0.0,24.25,0.0,35.93
JUTESPINN,"Apr 30, 2023",39.82,0.0,23.2,0.0,36.98
JUTESPINN,"May 31, 2023",39.82,0.0,23.2,0.0,36.98
KARNAPHULI,"Dec 31, 2021",30.85,0.0,2.48,0.0,66.67
KARNAPHULI,"Apr 30, 2023",30.85,0.0,11.97,0.0,57.18
KARNAPHULI,"May 31, 2023",30.85,0.0,13.21,0.0,55.94
KAY&QUE,"Jun 30, 2022",31.77,0.0,8.74,0.0,59.49
KAY&QUE,"Apr 30, 2023",31.77,0.0,7.67,0.0,60.56
KAY&QUE,"May 31, 2023",31.77,0.0,7.93,0.0,60.3
KBPPWBIL,"Jun 30, 2022",30.13,0.0,27.63,0.0,42.24
KBPPWBIL,"Apr 30, 2023",30.13,0.0,25.06,0.0,44.81
KBPPWBIL,"May 31, 2023",30.13,0.0,29.61,0.0,40.26
KDSALTD,"Jun 30, 2022",70.06,0.0,7.58,0.0,22.36
KDSALTD,"Apr 30, 2023",63.97,0.0,10.21,0.0,25.82
KDSALTD,"May 31, 2023",63.97,0.0,10.83,0.0,25.2
KEYACOSMET,"Jun 30, 2020",46.27,0.0,9.25,0.0,44.48
KEYACOSMET,"Apr 30, 2023",46.27,0.0,8.25,0.0,45.48
KEYACOSMET,"May 31, 2023",46.27,0.0,8.96,0.0,44.77
KOHINOOR,"Jun 30, 2022",50.57,0.0,13.55,0.0,35.88
KOHINOOR,"Apr 30, 2023",50.57,0.0,14.24,0.02,35.17
KOHINOOR,"May 31, 2023",50.57,0.0,13.52,0.02,35.89
KPCL,"Jun 30, 2022",69.99,0.0,8.96,0.18,20.87
KPCL,"Apr 30, 2023",69.99,0.0,8.91,0.18,20.92
KPCL,"May 31, 2023",69.99,0.0,8.91,0.18,20.92
KPPL,"Jun 30, 2022",39.76,0.0,2.81,0.0,57.43
KPPL,"Sep 30, 2022",39.76,0.0,1.22,0.0,59.02
KPPL,"Oct 31, 2022",39.76,0.0,1.11,0.0,59.13
KTL,"Jun 30, 2021",30.32,0.0,21.62,0.12,47.94
KTL,"Apr 30, 2023",30.32,0.0,23.07,0.23,46.38
KTL,"May 31, 2023",30.32,0.0,23.06,0.23,46.39
LANKABAFIN,"Dec 31, 2021",33.56,0.0,20.96,0.86,44.62
LANKABAFIN,"Apr 30, 2023",33.55,0.0,22.57,0.65,43.23
LANKABAFIN,"May 31, 2023",33.55,0.0,22.55,0.65,43.25
LEGACYFOOT,"Jun 30, 2022",30.0,0.0,10.99,0.0,59.01
LEGACYFOOT,"Apr 30, 2023",30.0,0.0,16.17,0.0,53.83
LEGACYFOOT,"May 31, 2023",30.0,0.0,22.78,0.0,47.22
LHBL,"Dec 31, 2022",64.15,0.0,17.04,0.78,18.03
LHBL,"Apr 30, 2023",64.15,0.0,17.32,0.78,17.75
LHBL,"May 31, 2023",64.15,0.0,17.83,0.77,17.25
LIBRAINFU,"Jun 30, 2020",34.43,0.0,6.3,0.0,59.27
LIBRAINFU,"Apr 30, 2023",34.43,0.0,11.74,0.0,53.83
LIBRAINFU,"May 31, 2023",34.43,0.0,8.21,0.0,57.36
LINDEBD,"Dec 31, 2022",60.0,0.0,28.8,0.0,11.2
LINDEBD,"Apr 30, 2023",60.0,0.0,28.8,0.0,11.2
LINDEBD,"May 31, 2023",60.0,0.0,28.8,0.0,11.2
LOVELLO,"Jun 30, 2022",44.65,0.0,20.0,0.0,35.35
LOVELLO,"Apr 30, 2023",44.65,0.0,20.2,0.0,35.15
LOVELLO,"May 31, 2023",44.65,0.0,20.23,0.0,35.12
LRBDL,"Jun 30, 2022",35.7,0.0,23.75,0.06,40.5
LRBDL,"Apr 30, 2023",35.7,0.0,23.18,0.06,41.06
LRBDL,"May 31, 2023",35.7,0.0,24.84,0.06,39.4
LRGLOBMF1,"Sep 30, 2022",13.57,0.0,58.27,6.49,21.67
LRGLOBMF1,"Apr 30, 2023",13.57,0.0,58.06,1.6,26.77
LRGLOBMF1,"May 31, 2023",13.57,0.0,58.07,1.6,26.76
MAKSONSPIN,"Jun 30, 2022",30.0,0.0,13.31,0.0,56.69
MAKSONSPIN,"Apr 30, 2023",30.0,0.0,6.58,0.0,63.42
MAKSONSPIN,"May 31, 2023",30.0,0.0,6.55,0.0,63.45
MALEKSPIN,"Jun 30, 2022",47.34,0.0,11.96,0.0,40.7
MALEKSPIN,"Apr 30, 2023",47.34,0.0,13.9,0.0,38.76
MALEKSPIN,"May 31, 2023",47.34,0.0,14.43,0.0,38.23
MARICO,"Mar 31, 2022",90.0,0.0,6.07,2.33,1.6
MARICO,"Apr 30, 2023",90.0,0.0,6.66,1.9,1.44
MARICO,"May 31, 2023",90.0,0.0,6.62,1.9,1.48
MATINSPINN,"Jun 30, 2022",32.72,0.0,42.52,0.0,24.76
MATINSPINN,"Apr 30, 2023",32.72,0.0,40.88,0.0,26.4
MATINSPINN,"May 31, 2023",32.72,0.0,40.87,0.0,26.41
MBL1STMF,"Mar 31, 2022",10.0,0.0,50.69,0.0,39.31
MBL1STMF,"Apr 30, 2023",10.0,0.0,49.11,0.0,40.89
MBL1STMF,"May 31, 2023",10.0,0.0,50.79,0.0,39.21
MEGCONMILK,"Jun 30, 2022",50.0,0.0,0.0,0.0,50.0
MEGCONMILK,"Apr 30, 2023",50.0,0.0,0.0,0.0,50.0
MEGCONMILK,"May 31, 2023",50.0,0.0,0.0,0.0,50.0
MEGHNACEM,"Jun 30, 2022",49.76,0.0,33.46,0.0,16.78
MEGHNACEM,"Apr 30, 2023",49.76,0.0,33.82,0.0,16.42
MEGHNACEM,"May 31, 2023",49.76,0.0,34.36,0.0,15.88
MEGHNAINS,"Dec 31, 2021",30.28,0.0,25.15,0.0,44.57
MEGHNAINS,"Apr 30, 2023",30.28,0.0,19.32,0.0,50.4
MEGHNAINS,"May 31, 2023",30.41,0.0,30.29,0.0,39.3
MEGHNALIFE,"Dec 31, 2021",30.54,0.0,21.39,0.0,48.07
MEGHNALIFE,"Apr 30, 2023",30.54,0.0,26.3,0.0,43.16
MEGHNALIFE,"May 31, 2023",30.54,0.0,31.86,0.0,37.6
MEGHNAPET,"Jun 30, 2022",50.0,0.0,0.0,0.0,50.0
MEGHNAPET,"Apr 30, 2023",50.0,0.0,0.0,0.0,50.0
MEGHNAPET,"May 31, 2023",50.0,0.0,0.0,0.0,50.0
MERCANBANK,"Dec 31, 2021",36.55,0.0,22.42,4.06,36.97
MERCANBANK,"Apr 30, 2023",34.36,0.0,24.56,4.02,37.06
MERCANBANK,"May 31, 2023",34.36,0.0,24.67,4.02,36.95
MERCINS,"Dec 31, 2021",33.52,0.0,29.08,0.0,37.4
MERCINS,"Apr 30, 2023",34.56,0.0,30.83,0.0,34.61
MERCINS,"May 31, 2023",34.56,0.0,31.37,0.0,34.07
METROSPIN,"Jun 30, 2022",30.09,0.0,20.08,0.0,49.83
METROSPIN,"Apr 30, 2023",30.09,0.0,14.58,0.0,55.33
METROSPIN,"May 31, 2023",30.09,0.0,18.19,0.0,51.72
MHSML,"Jun 30, 2022",39.61,0.0,22.04,0.09,38.26
MHSML,"Apr 30, 2023",39.61,0.0,26.15,0.04,34.2
MHSML,"May 31, 2023",39.61,0.0,26.81,0.04,33.54
MIDASFIN,"Dec 31, 2021",41.36,0.0,26.41,0.42,31.82
MIDASFIN,"Apr 30, 2023",41.35,0.0,26.55,0.42,31.68
MIDASFIN,"May 31, 2023",41.34,0.0,26.6,0.42,31.64
MIDLANDBNK,"Dec 31, 2021",78.63,0.0,3.2,0.0,18.17
MIDLANDBNK,"Apr 30, 2023",78.63,0.0,6.88,0.0,14.49
MIDLANDBNK,"May 31, 2023",78.63,0.0,6.04,0.0,15.33
MIRACLEIND,"Jun 30, 2020",30.0,0.0,0.0,0.0,70.0
MIRACLEIND,"Apr 30, 2023",30.0,0.0,0.0,0.0,70.0
MIRACLEIND,"May 31, 2023",30.0,0.0,0.0,0.0,70.0
MIRAKHTER,"Jun 30, 2022",48.58,0.0,4.34,0.0,47.08
MIRAKHTER,"Apr 30, 2023",48.58,0.0,3.17,0.0,48.25
MIRAKHTER,"May 31, 2023",48.58,0.0,3.14,0.0,48.28
MITHUNKNIT,"Jun 30, 2022",17.2,0.0,17.01,0.0,65.79
MITHUNKNIT,"Apr 30, 2023",17.2,0.0,16.93,0.0,65.87
MITHUNKNIT,"May 31, 2023",17.2,0.0,17.07,0.0,65.73
MJLBD,"Jun 30, 2022",71.52,0.0,21.23,0.15,7.1
MJLBD,"Mar 31, 2023",71.52,0.0,21.59,0.12,6.77
MJLBD,"Apr 30, 2023",71.52,0.0,21.72,0.12,6.64
MLDYEING,"Jun 30, 2022",30.57,0.0,17.24,0.0,52.19
MLDYEING,"Apr 30, 2023",30.57,0.0,17.27,0.0,52.16
MLDYEING,"May 31, 2023",30.57,0.0,17.26,0.0,52.17
MONNOAGML,"Jun 30, 2022",35.66,0.0,4.16,0.09,60.09
MONNOAGML,"Apr 30, 2023",35.66,0.0,6.87,0.04,57.43
MONNOAGML,"May 31, 2023",35.66,0.0,5.95,0.04,58.35
MONNOCERA,"Jun 30, 2022",48.3,0.0,12.24,0.06,39.4
MONNOCERA,"Apr 30, 2023",42.47,0.0,12.29,0.16,45.08
MONNOCERA,"May 31, 2023",42.47,0.0,12.03,0.17,45.33
MONNOFABR,"Jun 30, 2022",40.68,0.0,13.3,1.4,44.62
MONNOFABR,"Apr 30, 2023",40.68,0.0,7.96,1.53,49.83
MONNOFABR,"May 31, 2023",40.68,0.0,7.95,1.53,49.84
MONOSPOOL,"Jun 30, 2022",51.96,0.0,0.35,0.0,47.69
MONOSPOOL,"Apr 30, 2023",45.0,0.0,14.97,0.0,40.03
MONOSPOOL,"May 31, 2023",45.0,0.0,10.35,0.0,44.65
MPETROLEUM,"Jun 30, 2022",0.0,58.67,33.59,0.08,7.66
MPETROLEUM,"Apr 30, 2023",0.0,58.67,33.59,0.06,7.68
MPETROLEUM,"May 31, 2023",0.0,58.67,33.64,0.06,7.63
MTB,"Dec 31, 2021",42.33,0.0,22.84,0.16,34.67
MTB,"Apr 30, 2023",36.77,0.0,29.64,0.16,33.43
MTB,"May 31, 2023",43.15,0.0,23.37,0.16,33.32
NAHEEACP,"Jun 30, 2022",39.58,0.0,13.25,0.0,47.17
NAHEEACP,"Apr 30, 2023",39.58,0.0,7.92,0.0,52.5
NAHEEACP,"May 31, 2023",39.58,0.0,7.98,0.0,52.44
NATLIFEINS,"Dec 31, 2021",53.18,0.0,19.45,0.18,27.19
NATLIFEINS,"Apr 30, 2023",55.87,0.0,17.7,0.18,26.25
NATLIFEINS,"May 31, 2023",55.87,0.0,17.7,0.18,26.25
NAVANACNG,"Jun 30, 2022",42.49,0.0,27.22,0.0,30.29
NAVANACNG,"Apr 30, 2023",42.49,0.0,26.82,0.0,30.69
NAVANACNG,"May 31, 2023",42.49,0.0,27.56,0.0,29.95
NAVANAPHAR,"Jun 30, 2021",35.49,0.0,28.53,10.29,25.69
NAVANAPHAR,"Apr 30, 2023",35.49,0.0,11.4,27.73,25.38
NAVANAPHAR,"May 31, 2023",35.49,0.0,13.38,27.74,23.39
NBL,"Dec 31, 2021",28.48,0.0,23.43,0.86,47.23
NBL,"Apr 30, 2023",28.47,0.0,28.4,0.95,42.18
NBL,"May 31, 2023",28.47,0.0,28.54,0.95,42.04
NCCBANK,"Dec 31, 2021",37.4,0.0,21.98,0.5,40.12
NCCBANK,"Apr 30, 2023",37.54,0.0,23.3,0.54,38.62
NCCBANK,"May 31, 2023",37.54,0.0,23.21,0.53,38.72
NCCBLMF1,"Dec 31, 2022",15.0,0.0,67.46,0.0,17.54
NCCBLMF1,"Apr 30, 2023",15.0,0.0,67.4,0.0,17.6
NCCBLMF1,"May 31, 2023",15.0,0.0,67.53,0.0,17.47
NEWLINE,"Jun 30, 2021",30.82,0.0,26.98,0.0,42.2
NEWLINE,"Apr 30, 2023",30.61,0.0,18.3,0.0,51.09
NEWLINE,"May 31, 2023",30.61,0.0,18.3,0.0,51.09
NFML,"Jun 30, 2022",30.4,0.0,7.31,0.01,62.28
NFML,"Apr 30, 2023",30.4,0.0,12.59,0.01,57.0
NFML,"May 31, 2023",30.4,0.0,8.3,0.01,61.29
NHFIL,"Dec 31, 2021",52.88,9.34,12.51,0.0,25.27
NHFIL,"Apr 30, 2023",50.57,9.34,10.58,0.0,29.51
NHFIL,"May 31, 2023",50.57,9.34,11.35,0.0,28.74
NITOLINS,"Dec 31, 2021",35.0,0.0,9.32,0.0,55.68
NITOLINS,"Apr 30, 2023",35.0,0.0,23.98,0.0,41.02
NITOLINS,"May 31, 2023",35.0,0.0,23.86,0.0,41.14
NORTHERN,"Jun 30, 2020",15.09,0.0,0.0,0.0,84.91
NORTHERN,"Dec 31, 2021",15.09,0.0,0.0,0.0,84.91
NORTHERN,"Jan 31, 2022",15.09,0.0,0.0,0.0,84.91
NORTHRNINS,"Dec 31, 2021",31.55,0.0,18.43,0.0,50.02
NORTHRNINS,"Apr 30, 2023",33.56,0.0,22.38,0.0,44.06
NORTHRNINS,"May 31, 2023",33.56,0.0,28.56,0.0,37.88
NPOLYMER,"Jun 30, 2022",34.66,0.0,13.98,0.0,51.36
NPOLYMER,"Apr 30, 2023",34.66,0.0,11.73,0.0,53.61
NPOLYMER,"May 31, 2023",34.66,0.0,11.75,0.0,53.59
NRBCBANK,"Dec 31, 2021",73.32,0.0,2.7,0.0,23.98
NRBCBANK,"Apr 30, 2023",73.49,0.0,2.98,0.0,23.53
NRBCBANK,"May 31, 2023",73.49,0.0,2.92,0.0,23.59
NTC,"Jun 30, 2022",48.6,4.33,8.55,0.0,38.52
NTC,"Apr 30, 2023",44.9,4.33,14.75,0.0,36.02
NTC,"May 31, 2023",44.9,4.33,14.75,0.0,36.02
NTLTUBES,"Jun 30, 2022",0.05,51.0,6.54,0.0,42.41
NTLTUBES,"Apr 30, 2023",0.05,51.0,16.08,0.0,32.87
NTLTUBES,"May 31, 2023",0.05,51.0,16.18,0.0,32.77
NURANI,"Jun 30, 2020",30.93,0.0,16.81,0.0,52.26
NURANI,"Jan 31, 2021",30.93,0.0,17.28,0.0,51.79
NURANI,"Feb 28, 2021",30.93,0.0,17.28,0.0,51.79
OAL,"Jun 30, 2022",44.43,0.0,5.02,0.0,50.55
OAL,"Apr 30, 2023",25.81,0.0,18.48,0.0,55.71
OAL,"May 31, 2023",25.81,0.0,18.62,0.0,55.57
OIMEX,"Jun 30, 2022",30.01,0.0,28.62,0.0,41.37
OIMEX,"Apr 30, 2023",30.01,0.0,31.15,0.0,38.84
OIMEX,"May 31, 2023",30.01,0.0,31.27,0.0,38.72
OLYMPIC,"Jun 30, 2022",37.34,0.0,20.09,25.66,16.91
OLYMPIC,"Apr 30, 2023",40.66,0.0,22.36,23.25,13.73
OLYMPIC,"May 31, 2023",40.66,0.0,22.08,23.54,13.72
ONEBANKLTD,"Dec 31, 2021",32.06,0.0,21.69,0.22,46.03
ONEBANKLTD,"Apr 30, 2023",32.04,0.0,31.72,0.22,36.02
ONEBANKLTD,"May 31, 2023",32.04,0.0,31.68,0.22,36.06
ORIONINFU,"Jun 30, 2022",40.61,0.0,16.76,0.19,42.44
ORIONINFU,"Apr 30, 2023",40.61,0.0,8.24,0.13,51.02
ORIONINFU,"May 31, 2023",40.61,0.0,7.51,0.1,51.78
ORIONPHARM,"Jun 30, 2022",31.98,0.0,28.65,1.16,38.21
ORIONPHARM,"Apr 30, 2023",31.98,0.0,20.39,1.18,46.45
ORIONPHARM,"May 31, 2023",31.98,0.0,20.49,1.18,46.35
PADMALIFE,"Dec 31, 2021",34.79,0.0,20.63,0.0,44.58
PADMALIFE,"Apr 30, 2023",31.56,0.0,17.12,0.0,51.32
PADMALIFE,"May 31, 2023",31.56,0.0,20.81,0.0,47.63
PADMAOIL,"Jun 30, 2022",2.06,50.35,32.82,0.86,13.91
PADMAOIL,"Apr 30, 2023",2.06,50.35,32.0,0.83,14.76
PADMAOIL,"May 31, 2023",2.06,50.35,31.97,0.83,14.79
PAPERPROC,"Jun 30, 2022",42.03,0.0,0.54,0.0,57.43
PAPERPROC,"Apr 30, 2023",35.0,0.0,11.59,0.0,53.41
PAPERPROC,"May 31, 2023",35.0,0.0,10.44,0.0,54.56
PARAMOUNT,"Dec 31, 2021",48.48,0.0,8.52,0.03,42.97
PARAMOUNT,"Apr 30, 2023",48.49,0.0,14.17,0.02,37.32
PARAMOUNT,"May 31, 2023",48.49,0.0,12.75,0.02,38.74
PBLPBOND,"Dec 31, 2020",0.0,0.0,0.0,0.0,0.0
PDL,"Jun 30, 2022",30.12,0.0,12.64,0.0,57.24
PDL,"Apr 30, 2023",30.12,0.0,12.78,0.0,57.1
